106
135
46
1
192
193
91
58
35
47
56
172
42
26
20
86
189
51
48
126
101
49
56
61
119
68
160
15
3
185
106
113
62
134
31
134
37
93
147
31
102
151
19
141
145
190
50
38
170
56
119
34
127
106
23
7
182
120
89
41
24
21
132
99
2
119
27
196
75
33
64
114
14
52
85
41
64
92
121
73
137
170
141
104
42
54
196
142
171
172
61
6
188
190
142
148
135
5
108
51
128
103
28
140
81
163
55
165
127
92
190
58
139
116
43
107
176
18
177
172
192
9
193
5
60
194
151
142
133
42
29
125
142
16
53
125
86
177
106
65
130
46
14
109
167
52
78
179
118
73
112
57
148
112
137
132
196
98
57
81
138
11
11
84
47
95
198
13
112
7
120
138
14
130
123
116
153
75
199
27
22
51
110
95
34
100
6
177
77
143
185
114
4
141
11
175
11
91
176
83
24
80
44
47
165
19
63
111
47
138
145
171
43
46
56
50
79
173
67
118
56
92
88
60
176
174
163
76
140
63
2
163
73
116
120
197
15
156
172
7
67
47
76
80
60
105
82
82
84
168
112
97
20
137
75
12
54
78
190
188
180
82
120
163
29
137
13
51
57
74
182
16
34
20
123
77
132
81
146
65
182
198
26
51
162
8
186
3
105
53
145
79
194
198
98
47
166
176
22
21
18
187
19
136
80
155
151
46
68
142
128
24
179
193
126
70
97
6
20
13
195
11
108
58
156
27
94
74
19
170
47
4
5
77
40
46
12
37
110
77
70
24
22
127
94
92
168
191
165
23
148
71
32
74
79
71
73
21
63
121
136
127
96
40
69
84
122
170
178
21
141
91
181
163
189
27
3
134
170
196
6
165
154
127
7
151
143
63
136
67
147
164
105
183
131
118
76
63
73
40
35
15
3
122
46
93
176
39
109
179
158
135
21
121
146
179
152
11
132
172
124
9
161
163
173
166
154
98
144
140
48
80
63
172
116
61
23
200
123
85
132
104
57
179
131
92
14
184
113
193
29
130
101
64
52
54
79
147
170
3
19
59
152
140
111
160
88
141
108
110
44
113
28
48
63
174
73
175
195
55
52
14
192
184
133
97
184
38
69
123
51
65
169
81
30
170
4
53
129
148
163
138
12
12
64
159
90
10
1
161
77
54
25
6
47
123
82
74
87
171
109
105
61
196
154
132
150
165
102
133
25
88
165
113
168
192
36
164
123
36
132
177
44
73
169
164
90
39
62
11
166
137
51
162
56
78
108
192
172
169
153
191
154
95
126
131
40
126
164
109
144
44
174
68
107
66
47
130
131
147
17
126
181
58
158
56
174
118
113
33
77
9
67
103
3
111
165
20
16
99
107
10
178
176
167
130
147
56
40
76
98
200
66
157
65
150
122
55
190
75
115
116
12
148
129
53
166
16
143
149
40
174
63
128
127
103
170
135
109
118
38
71
50
17
154
161
175
63
194
99
80
18
36
122
122
76
135
76
58
3
166
2
128
48
73
54
109
70
8
133
77
148
100
107
163
81
165
146
128
132
74
23
129
133
146
28
41
61
39
99
160
156
51
72
86
89
34
161
159
155
196
158
106
22
61
109
172
66
158
150
163
33
21
45
180
149
58
163
86
156
83
38
5
21
94
112
136
178
65
57
156
21
75
35
19
2
17
91
111
176
114
87
5
90
98
49
35
186
21
4
57
69
151
144
116
23
94
77
199
147
181
35
66
21
127
88
148
79
38
9
64
178
136
171
167
196
157
7
156
120
106
57
77
169
34
155
123
138
63
115
130
137
157
191
57
5
155
50
44
154
73
26
42
99
137
29
29
180
177
21
137
16
54
173
1
139
109
99
94
197
5
39
195
183
27
99
48
107
187
164
186
191
11
14
14
97
11
68
9
141
88
129
171
145
155
144
49
91
190
21
81
126
186
86
170
53
78
8
49
71
115
87
105
32
8
160
68
153
3
70
43
147
73
173
71
162
45
189
5
49
83
95
156
59
128
93
94
35
20
181
94
66
58
41
115
150
3
57
179
193
111
190
55
18
40
155
110
146
176
103
68
11
84
133
6
100
79
111
122
31
56
23
160
152
72
59
182
7
191
123
185
104
97
181
16
128
47
53
159
190
138
182
10
181
163
72
153
162
45
181
76
46
47
11
189
68
168
33
7
169
166
32
162
49
176
91
125
91
30
77
161
134
31
68
151
61
18
114
28
137
177
83
78
22
66
37
1
96
151
52
53
125
41
56
2
87
173
71
191
165
93
54
26
104
135
26
69
66
83
156
85
170
97
186
175
133
11
148
118
125
142
110
49
133
149
5
174
147
94
153
52
171
111
161
128
11
186
162
22
191
118
15
65
113
39
167
110
45
26
130
126
187
5
196
135
194
177
87
61
29
97
5
104
195
146
147
55
135
65
111
128
147
56
76
119
18
172
105
148
189
155
42
66
169
150
157
127
142
64
138
56
150
183
120
7
147
175
143
1
120
